序
号 

姓名 

部门 

提交次
数 

以下为 8 月各员工的任务评估数据及公司排名： 
非常棒
（数
量） 
2 
2 
2 
1 
2 
4 
3 
0 
0 
0 
2 
0 
0 
3 
1 
7 
3 
1 
1 
2 
7 
3 
3 
0 
3 

1 张安挺 综合技术部 
2 
刘毅 
综合技术部 
3 游奕超 综合技术部 
4 
岳彬 
综合技术部 
5 
戚斌 
综合技术部 
6 代志锐 综合技术部 
7 商伟峰 综合技术部 
8 
郭磊 
综合技术部 
9 严万坤 综合技术部 
10 
鲁华 
综合技术部 
11 肖云惠 综合技术部 
12 余纯专 综合技术部 
13 罗雪兰 综合技术部 
14 徐官龙 综合技术部 
15 刘思源 综合技术部 
16 宋林海 电商技术部 
17 常鑫亮 电商技术部 
18 徐仓阳 电商技术部 
19 俞阳辉 电商技术部 
20 孙守慧 电商技术部 
21 陈礼腾 电商技术部 
22 杜坤勇 电商技术部 
23 
陈信 
电商技术部 
24 陈丽丽 电商技术部 
25 
郭静 
电商技术部 

8 
10 
10 
8 
11 
12 
9 
12 
9 
8 
13 
11 
9 
14 
11 
10 
11 
10 
10 
3 
9 
13 
8 
10 
9 

好
（数
量） 
14 
18 
18 
15 
20 
20 
14 
24 
18 
16 
24 
22 
18 
25 
16 
13 
19 
19 
19 
4 
11 
23 
13 
19 
14 

一般
（数
量） 
0 
0 
0 
0 
0 
0 
0 
0 
0 
0 
0 
0 
0 
0 
3 
0 
0 
0 
0 
0 
0 
0 
0 
0 
0 

差
（数
量） 
0 
0 
0 
0 
0 
0 
0 
0 
0 
0 
0 
0 
0 
0 
0 
0 
0 
0 
0 
0 
0 
0 
0 
0 
0 

小计 

62.50  
77.50  
77.50  
61.25  
77.27  
79.17  
60.00  
75.00  
60.00  
60.00  
76.92  
75.00  
60.00  
77.68  
59.09  
83.75  
78.41  
76.25  
76.25  
0.00  
67.78  
77.88  
63.75  
71.25  
60.00  

公司排
名 

是否取消月度考核资格
（0：取消；1：不取消） 

57 
26 
26 
61 
30 
17 
63 
43 
63 
63 
31 
43 
63 
24 
69 
1 
21 
35 
35 
73 
55 
23 
56 
49 
63 

0.8 
1 
1 
0.8 
1 
1 
0.8 
1 
0.8 
0.8 
1 
1 
0.8 
1 
1 
1 
1 
1 
1 
0 
0.8 
1 
0.8 
1 
0.8 

26 
刘薇 
电商技术部 
27 董双伟 电商技术部 
28 
喻越 
电商技术部 
29 郭君明 电商技术部 
30 
罗刚 
电商技术部 
31 
冷星 
电商技术部 
32 杨树华 电商技术部 
33 
何飞 
电商技术部 
34 曾晓辉 供应链技术部 
35 计万成 供应链技术部 
36 陶永强 供应链技术部 
37 饶子明 供应链技术部 
38 陈小勇 供应链技术部 
39 
熊祥 供应链技术部 
40 
赵飞 供应链技术部 
41 
刘丹 
产品运营部 
42 张晓宇 产品运营部 
43 
娄庆 
产品运营部 
44 
汤一 
产品运营部 
45 黎怀义 产品运营部 
46 马毓敏 产品运营部 
47 兰传宇 产品运营部 
48 李姝颖 
UED 
49 倪慧烂 
UED 
50 于邈悦 
UED 
51 徐伟伟 
UED 
52 李骁骁 
UED 
53 许芙蓉 
UED 
54 
王文 
质量保障部 

7 
5 
7 
11 
12 
6 
11 
11 
15 
10 
10 
10 
11 
10 
10 
11 
14 
12 
10 
14 
13 
10 
15 
16 
16 
13 
16 
13 
9 

0 
2 
0 
7 
8 
1 
7 
3 
8 
4 
0 
3 
1 
1 
4 
7 
5 
6 
1 
0 
1 
1 
8 
9 
4 
2 
4 
2 
5 

11 
2 
14 
14 
16 
11 
15 
18 
22 
16 
15 
17 
17 
19 
16 
15 
23 
18 
19 
28 
25 
15 
22 
21 
27 
24 
27 
22 
12 

0 
2 
0 
0 
0 
0 
0 
0 
0 
0 
5 
0 
4 
0 
0 
0 
0 
0 
0 
0 
0 
3 
0 
0 
0 
0 
0 
0 
0 

0 
0 
0 
0 
0 
0 
0 
0 
0 
0 
0 
0 
0 
0 
0 
0 
0 
0 
0 
0 
0 
0 
0 
0 
0 
0 
0 
0 
0 

47.14  
28.00  
60.00  
79.55  
83.33  
61.67  
82.95  
75.00  
81.67  
80.00  
56.25  
78.75  
62.50  
76.25  
80.00  
82.95  
79.46  
81.25  
76.25  
75.00  
75.96  
61.25  
81.67  
77.34  
75.78  
76.92  
75.78  
71.15  
62.22  

71 
72 
63 
15 
2 
60 
3 
43 
7 
12 
70 
19 
57 
35 
12 
3 
16 
9 
35 
43 
39 
61 
7 
29 
41 
31 
41 
50 
59 

0.8 
0.8 
0.8 
1 
1 
0.8 
1 
1 
1 
1 
1 
1 
1 
1 
1 
1 
1 
1 
1 
1 
1 
1 
1 
1 
1 
1 
1 
1 
0.8 

55 
李营 
质量保障部 
56 陈芝听 质量保障部 
57 吴晨茜 质量保障部 
58 柯呈通 质量保障部 
59 张晓艳 质量保障部 
60 李舒嘉 质量保障部 
61 
魏凡 
质量保障部 
62 王丹丹 质量保障部 
63 
魏明 
质量保障部 
64 刘群群 质量保障部 
65 
李羚 
质量保障部 
66 
万龙 
It 信息部 
67 李盼霞 
It 信息部 
68 
张波 
It 信息部 
69 黄志刚 
It 信息部 
70 崔晓东 
It 信息部 
71 刘德涵 
It 信息部 
72 邢薇薇 
综合部 
73 
周倩 
综合部 
74 吴佳庭 
综合部 

19 
11 
12 
13 
15 
11 
15 
10 
13 
10 
3 
9 
11 
10 
10 
14 
13 
13 
10 
10 

12 
5 
3 
1 
2 
1 
2 
6 
2 
3 
0 
8 
0 
2 
4 
3 
0 
4 
5 
2 

26 
17 
21 
25 
28 
19 
28 
14 
22 
17 
6 
10 
22 
18 
16 
25 
24 
22 
15 
17 

0 
0 
0 
0 
0 
2 
0 
0 
0 
0 
0 
0 
0 
0 
0 
0 
2 
0 
0 
0 

0 
0 
0 
0 
0 
0 
0 
0 
0 
0 
0 
0 
0 
0 
0 
0 
0 
0 
0 
0 

82.89  
80.68  
78.13  
75.96  
76.67  
69.32  
76.67  
82.50  
71.15  
78.75  
0.00  
68.89  
75.00  
77.50  
80.00  
77.68  
69.23  
78.85  
81.25  
73.75  

5 
11 
22 
39 
33 
52 
33 
6 
50 
19 
73 
54 
43 
26 
12 
24 
53 
18 
9 
48 

1 
1 
1 
1 
1 
1 
1 
1 
1 
1 
0 
0.8 
1 
1 
1 
1 
1 
1 
1 
1 

以下为 8 月负面名单： 

序号 姓名 

部门 

状态 岗位 入职日期 

1

2

3

4

5

6

7

8

9

10

11

12

月 

月 

月 

月 

月 

月 

月 

月 

月 

月 

月 

月 累计次数 

1 

孙守慧 电商技术部 在职 

 2018/3/19 

 1 

1 

以下为 8 月未完成评估名单： 

姓名 
张晓宇 
王文 
孙守慧 
刘群群 
戚斌 
吴晨茜 
陈礼腾 
陈信 
兰传宇 
李姝颖 
刘波 
杨树华 
张安挺 

未评估数量 
5 

4 

3 

2 

2 

2 

1 

1 

1 

1 

1 

1 

1 

